0.000000 1.179062 -0.000000 0.042047 0.000000 -0.165320 0.000000
325626.357182 1.138070 -0.093818 0.012037 -0.065164 -0.011825 -0.062399
651252.714364 1.113892 -0.000000 -0.029521 0.000000 0.194718 -0.000000
976879.071546 1.138070 0.093818 0.012037 0.065164 -0.011825 0.062399
1302505.428728 1.179062 -0.000000 0.042047 0.000000 -0.165320 0.000000
1628131.785910 1.138070 -0.093818 0.012037 -0.065164 -0.011825 -0.062399
1953758.143092 1.113892 -0.000000 -0.029521 0.000000 0.194718 -0.000000
2279384.500274 1.138070 0.093818 0.012037 0.065164 -0.011825 0.062399
2605010.857456 1.179062 -0.000000 0.042047 0.000000 -0.165320 0.000000
2930637.214638 1.138070 -0.093818 0.012037 -0.065164 -0.011825 -0.062399
3256263.571820 1.113892 -0.000000 -0.029521 0.000000 0.194718 -0.000000
3581889.929002 1.138070 0.093818 0.012037 0.065164 -0.011825 0.062399
3907516.286184 1.179062 -0.000000 0.042047 0.000000 -0.165320 0.000000
4233142.643366 1.138070 -0.093818 0.012037 -0.065164 -0.011825 -0.062399
4558769.000548 1.113892 -0.000000 -0.029521 0.000000 0.194718 -0.000000
4884395.357730 1.138070 0.093818 0.012037 0.065164 -0.011825 0.062399
5210021.714912 1.179062 -0.000000 0.042047 0.000000 -0.165320 0.000000
5535648.072094 1.138070 -0.093818 0.012037 -0.065164 -0.011825 -0.062399
5861274.429276 1.113892 -0.000000 -0.029521 0.000000 0.194718 -0.000000
6186900.786458 1.138070 0.093818 0.012037 0.065164 -0.011825 0.062399
6512527.143640 1.179062 -0.000000 0.042047 0.000000 -0.165320 0.000000
6838153.500822 1.138070 -0.093818 0.012037 -0.065164 -0.011825 -0.062399
7163779.858004 1.113892 -0.000000 -0.029521 0.000000 0.194718 -0.000000
7489406.215186 1.138070 0.093818 0.012037 0.065164 -0.011825 0.062399
7815032.572368 1.179062 -0.000000 0.042047 0.000000 -0.165320 0.000000
8140658.929550 1.138070 -0.093818 0.012037 -0.065164 -0.011825 -0.062399
8466285.286733 1.113892 -0.000000 -0.029521 0.000000 0.194718 -0.000000
8791911.643915 1.138070 0.093818 0.012037 0.065164 -0.011825 0.062399
9117538.001097 1.179062 -0.000000 0.042047 0.000000 -0.165320 0.000000
9443164.358279 1.138070 -0.093818 0.012037 -0.065164 -0.011825 -0.062399
9768790.715461 1.113892 -0.000000 -0.029521 0.000000 0.194718 -0.000000
10094417.072643 1.138070 0.093818 0.012037 0.065164 -0.011825 0.062399
10420043.429825 1.179062 -0.000000 0.042047 0.000000 -0.165320 0.000000
10745669.787007 1.138070 -0.093818 0.012037 -0.065164 -0.011825 -0.062399
11071296.144189 1.113892 -0.000000 -0.029521 0.000000 0.194718 -0.000000
11396922.501371 1.138070 0.093818 0.012037 0.065164 -0.011825 0.062399
11722548.858553 1.179062 -0.000000 0.042047 0.000000 -0.165320 0.000000
12048175.215735 1.138070 -0.093818 0.012037 -0.065164 -0.011825 -0.062399
12373801.572917 1.113892 -0.000000 -0.029521 0.000000 0.194718 -0.000000
12699427.930099 1.138070 0.093818 0.012037 0.065164 -0.011825 0.062399
13025054.287281 1.179062 -0.000000 0.042047 0.000000 -0.165320 0.000000
13350680.644463 1.138070 -0.093818 0.012037 -0.065164 -0.011825 -0.062399
13676307.001645 1.113892 -0.000000 -0.029521 0.000000 0.194718 -0.000000
14001933.358827 1.138070 0.093818 0.012037 0.065164 -0.011825 0.062399
14327559.716009 1.179062 -0.000000 0.042047 0.000000 -0.165320 0.000000
14653186.073191 1.138070 -0.093818 0.012037 -0.065164 -0.011825 -0.062399
14978812.430373 1.113892 -0.000000 -0.029521 0.000000 0.194718 -0.000000
15304438.787555 1.138070 0.093818 0.012037 0.065164 -0.011825 0.062399
15630065.144737 1.179062 -0.000000 0.042047 0.000000 -0.165320 0.000000
15955691.501919 1.138070 -0.093818 0.012037 -0.065164 -0.011825 -0.062399
16281317.859101 1.113892 -0.000000 -0.029521 0.000000 0.194718 -0.000000
16606944.216283 1.138070 0.093818 0.012037 0.065164 -0.011825 0.062399
16932570.573465 1.179062 -0.000000 0.042047 0.000000 -0.165320 0.000000
17258196.930647 1.138070 -0.093818 0.012037 -0.065164 -0.011825 -0.062399
17583823.287829 1.113892 -0.000000 -0.029521 0.000000 0.194718 -0.000000
17909449.645011 1.138070 0.093818 0.012037 0.065164 -0.011825 0.062399
18235076.002193 1.179062 -0.000000 0.042047 0.000000 -0.165320 0.000000
18560702.359375 1.138070 -0.093818 0.012037 -0.065164 -0.011825 -0.062399
18886328.716557 1.113892 -0.000000 -0.029521 0.000000 0.194718 -0.000000
19211955.073739 1.138070 0.093818 0.012037 0.065164 -0.011825 0.062399
19537581.430921 1.179062 -0.000000 0.042047 0.000000 -0.165320 0.000000
19863207.788103 1.138070 -0.093818 0.012037 -0.065164 -0.011825 -0.062399
20188834.145285 1.113892 -0.000000 -0.029521 0.000000 0.194718 -0.000000
20514460.502467 1.138070 0.093818 0.012037 0.065164 -0.011825 0.062399
20840086.859649 1.179062 -0.000000 0.042047 0.000000 -0.165320 0.000000
21165713.216831 1.138070 -0.093818 0.012037 -0.065164 -0.011825 -0.062399
21491339.574013 1.113892 -0.000000 -0.029521 0.000000 0.194718 -0.000000
21816965.931195 1.138070 0.093818 0.012037 0.065164 -0.011825 0.062399
22142592.288377 1.179062 -0.000000 0.042047 0.000000 -0.165320 0.000000
22468218.645559 1.138070 -0.093818 0.012037 -0.065164 -0.011825 -0.062399
22793845.002741 1.113892 -0.000000 -0.029521 0.000000 0.194718 -0.000000
23119471.359923 1.138070 0.093818 0.012037 0.065164 -0.011825 0.062399
23445097.717105 1.179062 -0.000000 0.042047 0.000000 -0.165320 0.000000
23770724.074287 1.138070 -0.093818 0.012037 -0.065164 -0.011825 -0.062399
24096350.431469 1.113892 -0.000000 -0.029521 0.000000 0.194718 -0.000000
24421976.788651 1.138070 0.093818 0.012037 0.065164 -0.011825 0.062399
24747603.145833 1.179062 -0.000000 0.042047 0.000000 -0.165320 0.000000
25073229.503015 1.138070 -0.093818 0.012037 -0.065164 -0.011825 -0.062399
25398855.860198 1.113892 -0.000000 -0.029521 0.000000 0.194718 -0.000000
25724482.217380 1.138070 0.093818 0.012037 0.065164 -0.011825 0.062399
26050108.574562 1.179062 -0.000000 0.042047 0.000000 -0.165320 0.000000
26375734.931744 1.138070 -0.093818 0.012037 -0.065164 -0.011825 -0.062399
26701361.288926 1.113892 -0.000000 -0.029521 0.000000 0.194718 -0.000000
27026987.646108 1.138070 0.093818 0.012037 0.065164 -0.011825 0.062399
27352614.003290 1.179062 -0.000000 0.042047 0.000000 -0.165320 0.000000
27678240.360472 1.138070 -0.093818 0.012037 -0.065164 -0.011825 -0.062399
28003866.717654 1.113892 -0.000000 -0.029521 0.000000 0.194718 -0.000000
28329493.074836 1.138070 0.093818 0.012037 0.065164 -0.011825 0.062399
28655119.432018 1.179062 -0.000000 0.042047 0.000000 -0.165320 0.000000
28980745.789200 1.138070 -0.093818 0.012037 -0.065164 -0.011825 -0.062399
29306372.146382 1.113892 -0.000000 -0.029521 0.000000 0.194718 -0.000000
29631998.503564 1.138070 0.093818 0.012037 0.065164 -0.011825 0.062399
29957624.860746 1.179062 -0.000000 0.042047 0.000000 -0.165320 0.000000
30283251.217928 1.138070 -0.093818 0.012037 -0.065164 -0.011825 -0.062399
30608877.575110 1.113892 -0.000000 -0.029521 0.000000 0.194718 -0.000000
30934503.932292 1.138070 0.093818 0.012037 0.065164 -0.011825 0.062399
31260130.289474 1.179062 -0.000000 0.042047 0.000000 -0.165320 0.000000
31585756.646656 1.138070 -0.093818 0.012037 -0.065164 -0.011825 -0.062399
31911383.003838 1.113892 -0.000000 -0.029521 0.000000 0.194718 -0.000000
32237009.361020 1.138070 0.093818 0.012037 0.065164 -0.011825 0.062399
32562635.718202 1.179062 -0.000000 0.042047 0.000000 -0.165320 0.000000
32888262.075384 1.138070 -0.093818 0.012037 -0.065164 -0.011825 -0.062399
33213888.432566 1.113892 -0.000000 -0.029521 0.000000 0.194718 -0.000000
33539514.789748 1.138070 0.093818 0.012037 0.065164 -0.011825 0.062399
33865141.146930 1.179062 -0.000000 0.042047 0.000000 -0.165320 0.000000
34190767.504112 1.138070 -0.093818 0.012037 -0.065164 -0.011825 -0.062399
34516393.861294 1.113892 -0.000000 -0.029521 0.000000 0.194718 -0.000000
34842020.218476 1.138070 0.093818 0.012037 0.065164 -0.011825 0.062399
35167646.575658 1.179062 -0.000000 0.042047 0.000000 -0.165320 0.000000
35493272.932840 1.138070 -0.093818 0.012037 -0.065164 -0.011825 -0.062399
35818899.290022 1.113892 -0.000000 -0.029521 0.000000 0.194718 -0.000000
36144525.647204 1.138070 0.093818 0.012037 0.065164 -0.011825 0.062399
36470152.004386 1.179062 -0.000000 0.042047 0.000000 -0.165320 0.000000
36795778.361568 1.138070 -0.093818 0.012037 -0.065164 -0.011825 -0.062399
37121404.718750 1.113892 -0.000000 -0.029521 0.000000 0.194718 -0.000000
37447031.075932 1.138070 0.093818 0.012037 0.065164 -0.011825 0.062399
37772657.433114 1.179062 -0.000000 0.042047 0.000000 -0.165320 0.000000
38098283.790296 1.138070 -0.093818 0.012037 -0.065164 -0.011825 -0.062399
38423910.147478 1.113892 -0.000000 -0.029521 0.000000 0.194718 -0.000000
38749536.504660 1.138070 0.093818 0.012037 0.065164 -0.011825 0.062399
39075162.861842 1.179062 -0.000000 0.042047 0.000000 -0.165320 0.000000
39400789.219024 1.138070 -0.093818 0.012037 -0.065164 -0.011825 -0.062399
39726415.576206 1.113892 -0.000000 -0.029521 0.000000 0.194718 -0.000000
40052041.933388 1.138070 0.093818 0.012037 0.065164 -0.011825 0.062399
40377668.290570 1.179062 -0.000000 0.042047 0.000000 -0.165320 0.000000
40703294.647752 1.138070 -0.093818 0.012037 -0.065164 -0.011825 -0.062399
41028921.004934 1.113892 -0.000000 -0.029521 0.000000 0.194718 -0.000000
41354547.362116 1.138070 0.093818 0.012037 0.065164 -0.011825 0.062399
41680173.719298 1.179062 -0.000000 0.042047 0.000000 -0.165320 0.000000
42005800.076480 1.138070 -0.093818 0.012037 -0.065164 -0.011825 -0.062399
42331426.433663 1.113892 -0.000000 -0.029521 0.000000 0.194718 -0.000000
42657052.790845 1.138070 0.093818 0.012037 0.065164 -0.011825 0.062399
42982679.148027 1.179062 -0.000000 0.042047 0.000000 -0.165320 0.000000
43308305.505209 1.138070 -0.093818 0.012037 -0.065164 -0.011825 -0.062399
43633931.862391 1.113892 -0.000000 -0.029521 0.000000 0.194718 -0.000000
43959558.219573 1.138070 0.093818 0.012037 0.065164 -0.011825 0.062399
44285184.576755 1.179062 -0.000000 0.042047 0.000000 -0.165320 0.000000
44610810.933937 1.138070 -0.093818 0.012037 -0.065164 -0.011825 -0.062399
44936437.291119 1.113892 -0.000000 -0.029521 0.000000 0.194718 -0.000000
45262063.648301 1.138070 0.093818 0.012037 0.065164 -0.011825 0.062399
45587690.005483 1.179062 -0.000000 0.042047 0.000000 -0.165320 0.000000
45913316.362665 1.138070 -0.093818 0.012037 -0.065164 -0.011825 -0.062399
46238942.719847 1.113892 -0.000000 -0.029521 0.000000 0.194718 -0.000000
46564569.077029 1.138070 0.093818 0.012037 0.065164 -0.011825 0.062399
46890195.434211 1.179062 -0.000000 0.042047 0.000000 -0.165320 0.000000
47215821.791393 1.138070 -0.093818 0.012037 -0.065164 -0.011825 -0.062399
47541448.148575 1.113892 -0.000000 -0.029521 0.000000 0.194718 -0.000000
47867074.505757 1.138070 0.093818 0.012037 0.065164 -0.011825 0.062399
48192700.862939 1.179062 -0.000000 0.042047 0.000000 -0.165320 0.000000
48518327.220121 1.138070 -0.093818 0.012037 -0.065164 -0.011825 -0.062399
48843953.577303 1.113892 -0.000000 -0.029521 0.000000 0.194718 -0.000000
49169579.934485 1.138070 0.093818 0.012037 0.065164 -0.011825 0.062399
49495206.291667 1.179062 -0.000000 0.042047 0.000000 -0.165320 0.000000
49820832.648849 1.138070 -0.093818 0.012037 -0.065164 -0.011825 -0.062399
50146459.006031 1.113892 -0.000000 -0.029521 0.000000 0.194718 -0.000000
50472085.363213 1.138070 0.093818 0.012037 0.065164 -0.011825 0.062399
50797711.720395 1.179062 -0.000000 0.042047 0.000000 -0.165320 0.000000
51123338.077577 1.138070 -0.093818 0.012037 -0.065164 -0.011825 -0.062399
51448964.434759 1.113892 -0.000000 -0.029521 0.000000 0.194718 -0.000000
51774590.791941 1.138070 0.093818 0.012037 0.065164 -0.011825 0.062399
52100217.149123 1.179062 -0.000000 0.042047 0.000000 -0.165320 0.000000
52425843.506305 1.138070 -0.093818 0.012037 -0.065164 -0.011825 -0.062399
52751469.863487 1.113892 -0.000000 -0.029521 0.000000 0.194718 -0.000000
53077096.220669 1.138070 0.093818 0.012037 0.065164 -0.011825 0.062399
53402722.577851 1.179062 -0.000000 0.042047 0.000000 -0.165320 0.000000
53728348.935033 1.138070 -0.093818 0.012037 -0.065164 -0.011825 -0.062399
54053975.292215 1.113892 -0.000000 -0.029521 0.000000 0.194718 -0.000000
54379601.649397 1.138070 0.093818 0.012037 0.065164 -0.011825 0.062399
54705228.006579 1.179062 -0.000000 0.042047 0.000000 -0.165320 0.000000
55030854.363761 1.138070 -0.093818 0.012037 -0.065164 -0.011825 -0.062399
55356480.720943 1.113892 -0.000000 -0.029521 0.000000 0.194718 -0.000000
55682107.078125 1.138070 0.093818 0.012037 0.065164 -0.011825 0.062399
56007733.435307 1.179062 -0.000000 0.042047 0.000000 -0.165320 0.000000
56333359.792489 1.138070 -0.093818 0.012037 -0.065164 -0.011825 -0.062399
56658986.149671 1.113892 -0.000000 -0.029521 0.000000 0.194718 -0.000000
56984612.506853 1.138070 0.093818 0.012037 0.065164 -0.011825 0.062399
57310238.864035 1.179062 -0.000000 0.042047 0.000000 -0.165320 0.000000
57635865.221217 1.138070 -0.093818 0.012037 -0.065164 -0.011825 -0.062399
57961491.578399 1.113892 -0.000000 -0.029521 0.000000 0.194718 -0.000000
58287117.935581 1.138070 0.093818 0.012037 0.065164 -0.011825 0.062399
58612744.292763 1.179062 -0.000000 0.042047 0.000000 -0.165320 0.000000
58938370.649946 1.138070 -0.093818 0.012037 -0.065164 -0.011825 -0.062399
59263997.007128 1.113892 -0.000000 -0.029521 0.000000 0.194718 -0.000000
59589623.364310 1.138070 0.093818 0.012037 0.065164 -0.011825 0.062399
59915249.721492 1.179062 -0.000000 0.042047 0.000000 -0.165320 0.000000
60240876.078674 1.138070 -0.093818 0.012037 -0.065164 -0.011825 -0.062399
60566502.435856 1.113892 -0.000000 -0.029521 0.000000 0.194718 -0.000000
60892128.793038 1.138070 0.093818 0.012037 0.065164 -0.011825 0.062399
61217755.150220 1.179062 -0.000000 0.042047 0.000000 -0.165320 0.000000
61543381.507402 1.138070 -0.093818 0.012037 -0.065164 -0.011825 -0.062399
61869007.864584 1.113892 -0.000000 -0.029521 0.000000 0.194718 -0.000000
62194634.221766 1.138070 0.093818 0.012037 0.065164 -0.011825 0.062399
62520260.578948 1.179062 -0.000000 0.042047 0.000000 -0.165320 0.000000
62845886.936130 1.138070 -0.093818 0.012037 -0.065164 -0.011825 -0.062399
63171513.293312 1.113892 -0.000000 -0.029521 0.000000 0.194718 -0.000000
63497139.650494 1.138070 0.093818 0.012037 0.065164 -0.011825 0.062399
63822766.007676 1.179062 -0.000000 0.042047 0.000000 -0.165320 0.000000
64148392.364858 1.138070 -0.093818 0.012037 -0.065164 -0.011825 -0.062399
64474018.722040 1.113892 -0.000000 -0.029521 0.000000 0.194718 -0.000000
64799645.079222 1.138070 0.093818 0.012037 0.065164 -0.011825 0.062399
65125271.436404 1.179062 0.000070 0.042047 0.000066 -0.165320 0.000000
