0.000000 1.179062 -0.000000 0.042047 0.000000 -0.165320 0.000000
16281.317859 1.178922 -0.007022 0.041964 -0.006623 -0.164858 -0.003935
32562.635718 1.178500 -0.014004 0.041713 -0.013184 -0.163477 -0.007857
48843.953577 1.177802 -0.020908 0.041296 -0.019620 -0.161184 -0.011755
65125.271436 1.176835 -0.027696 0.040714 -0.025872 -0.157994 -0.015616
81406.589296 1.175606 -0.034329 0.039969 -0.031880 -0.153925 -0.019427
97687.907155 1.174128 -0.040771 0.039063 -0.037590 -0.149002 -0.023177
113969.225014 1.172415 -0.046986 0.037999 -0.042948 -0.143254 -0.026854
130250.542873 1.170482 -0.052940 0.036781 -0.047907 -0.136713 -0.030446
146531.860732 1.168348 -0.058599 0.035412 -0.052420 -0.129417 -0.033940
162813.178591 1.166032 -0.063933 0.033897 -0.056450 -0.121404 -0.037326
179094.496450 1.163556 -0.068912 0.032240 -0.059959 -0.112717 -0.040590
195375.814309 1.160942 -0.073508 0.030448 -0.062920 -0.103401 -0.043722
211657.132168 1.158214 -0.077695 0.028525 -0.065307 -0.093501 -0.046709
227938.450027 1.155398 -0.081450 0.026479 -0.067102 -0.083064 -0.049538
244219.767887 1.152518 -0.084751 0.024315 -0.068292 -0.072138 -0.052197
260501.085746 1.149600 -0.087577 0.022043 -0.068871 -0.060771 -0.054670
276782.403605 1.146670 -0.089912 0.019670 -0.068838 -0.049009 -0.056943
293063.721464 1.143755 -0.091739 0.017205 -0.068200 -0.036900 -0.059001
309345.039323 1.140880 -0.093045 0.014657 -0.066968 -0.024490 -0.060826
325626.357182 1.138070 -0.093818 0.012037 -0.065164 -0.011825 -0.062399
341907.675041 1.135347 -0.094048 0.009355 -0.062815 0.001051 -0.063700
358188.992900 1.132736 -0.093726 0.006625 -0.059954 0.014094 -0.064704
374470.310759 1.130257 -0.092848 0.003858 -0.056626 0.027259 -0.065387
390751.628618 1.127927 -0.091408 0.001070 -0.052882 0.040501 -0.065720
407032.946478 1.125765 -0.089404 -0.001724 -0.048784 0.053773 -0.065672
423314.264337 1.123784 -0.086836 -0.004508 -0.044400 0.067026 -0.065210
439595.582196 1.121993 -0.083706 -0.007262 -0.039811 0.080203 -0.064295
455876.900055 1.120400 -0.080019 -0.009967 -0.035106 0.093242 -0.062890
472158.217914 1.119009 -0.075781 -0.012602 -0.030379 0.106068 -0.060953
488439.535773 1.117816 -0.071004 -0.015142 -0.025735 0.118593 -0.058443
504720.853632 1.116818 -0.065704 -0.017562 -0.021278 0.130710 -0.055323
521002.171491 1.116003 -0.059899 -0.019836 -0.017112 0.142293 -0.051560
537283.489350 1.115357 -0.053615 -0.021937 -0.013331 0.153191 -0.047132
553564.807209 1.114863 -0.046886 -0.023834 -0.010014 0.163233 -0.042031
569846.125069 1.114499 -0.039751 -0.025501 -0.007212 0.172227 -0.036269
586127.442928 1.114242 -0.032260 -0.026909 -0.004943 0.179969 -0.029887
602408.760787 1.114071 -0.024470 -0.028034 -0.003179 0.186256 -0.022954
618690.078646 1.113966 -0.016447 -0.028854 -0.001851 0.190901 -0.015571
634971.396505 1.113909 -0.008264 -0.029353 -0.000841 0.193755 -0.007868
651252.714364 1.113892 -0.000000 -0.029521 0.000000 0.194718 -0.000000
667534.032223 1.113909 0.008264 -0.029353 0.000841 0.193755 0.007868
683815.350082 1.113966 0.016447 -0.028854 0.001851 0.190901 0.015571
700096.667941 1.114071 0.024470 -0.028034 0.003179 0.186256 0.022954
716377.985800 1.114242 0.032260 -0.026909 0.004943 0.179969 0.029887
732659.303660 1.114499 0.039751 -0.025501 0.007212 0.172227 0.036269
748940.621519 1.114863 0.046886 -0.023834 0.010014 0.163233 0.042031
765221.939378 1.115357 0.053615 -0.021937 0.013331 0.153191 0.047132
781503.257237 1.116003 0.059899 -0.019836 0.017112 0.142293 0.051560
797784.575096 1.116818 0.065704 -0.017562 0.021278 0.130710 0.055323
814065.892955 1.117816 0.071004 -0.015142 0.025735 0.118593 0.058443
830347.210814 1.119009 0.075781 -0.012602 0.030379 0.106068 0.060953
846628.528673 1.120400 0.080019 -0.009967 0.035106 0.093242 0.062890
862909.846532 1.121993 0.083706 -0.007262 0.039811 0.080203 0.064295
879191.164391 1.123784 0.086836 -0.004508 0.044400 0.067026 0.065210
895472.482251 1.125765 0.089404 -0.001724 0.048784 0.053773 0.065672
911753.800110 1.127927 0.091408 0.001070 0.052882 0.040501 0.065720
928035.117969 1.130257 0.092848 0.003858 0.056626 0.027259 0.065387
944316.435828 1.132736 0.093726 0.006625 0.059954 0.014094 0.064704
960597.753687 1.135347 0.094048 0.009355 0.062815 0.001051 0.063700
976879.071546 1.138070 0.093818 0.012037 0.065164 -0.011825 0.062399
993160.389405 1.140880 0.093045 0.014657 0.066968 -0.024490 0.060826
1009441.707264 1.143755 0.091739 0.017205 0.068200 -0.036900 0.059001
1025723.025123 1.146670 0.089912 0.019670 0.068838 -0.049009 0.056943
1042004.342982 1.149600 0.087577 0.022043 0.068871 -0.060771 0.054670
1058285.660842 1.152518 0.084751 0.024315 0.068292 -0.072138 0.052197
1074566.978701 1.155398 0.081450 0.026479 0.067102 -0.083064 0.049538
1090848.296560 1.158214 0.077695 0.028525 0.065307 -0.093501 0.046709
1107129.614419 1.160942 0.073508 0.030448 0.062920 -0.103401 0.043722
1123410.932278 1.163556 0.068912 0.032240 0.059959 -0.112717 0.040590
1139692.250137 1.166032 0.063933 0.033897 0.056450 -0.121404 0.037326
1155973.567996 1.168348 0.058599 0.035412 0.052420 -0.129417 0.033940
1172254.885855 1.170482 0.052940 0.036781 0.047907 -0.136713 0.030446
1188536.203714 1.172415 0.046986 0.037999 0.042948 -0.143254 0.026854
1204817.521573 1.174128 0.040771 0.039063 0.037590 -0.149002 0.023177
1221098.839433 1.175606 0.034329 0.039969 0.031880 -0.153925 0.019427
1237380.157292 1.176835 0.027696 0.040714 0.025872 -0.157994 0.015616
1253661.475151 1.177802 0.020908 0.041296 0.019620 -0.161184 0.011755
1269942.793010 1.178500 0.014004 0.041713 0.013184 -0.163477 0.007857
1286224.110869 1.178922 0.007022 0.041964 0.006623 -0.164858 0.003935
1302505.428728 1.179062 -0.000000 0.042047 0.000000 -0.165320 0.000000
