0.000000 1.179062 -0.000000 0.042047 0.000000 -0.165320 0.000000
581650.836383 1.114303 -0.034352 -0.026549 -0.005514 0.177977 -0.031700
1132432.870030 1.164946 0.066199 0.033176 0.058081 -0.117612 0.038797
1685425.542458 1.129028 -0.092171 0.002413 -0.054731 0.034124 -0.065605
2182040.549475 1.123824 0.086896 -0.004449 0.044495 0.066747 0.065224
2747501.424309 1.168896 -0.057224 0.035766 -0.051344 -0.131296 -0.033082
3304803.438121 1.114069 0.024322 -0.028052 0.003151 0.186358 0.022820
3883983.996001 1.178768 0.010138 0.041873 0.009556 -0.164356 0.005684
4467140.505761 1.114713 -0.044275 -0.024483 -0.008909 0.166714 -0.039962
5010539.035827 1.160264 0.074604 0.029975 0.063577 -0.100957 0.044490
5549726.602264 1.135710 -0.094049 0.009721 -0.063163 -0.000701 -0.063541
6054487.754217 1.120204 0.079487 -0.010322 0.034477 0.094960 0.062664
6628798.779695 1.172155 -0.047845 0.037837 -0.043675 -0.142376 -0.027367
7191895.196797 1.113946 0.014225 -0.029023 0.001549 0.191864 0.013493
7767798.714242 1.177883 0.020230 0.041345 0.018991 -0.161451 0.011371
8351261.581816 1.115394 -0.054036 -0.021806 -0.013563 0.152509 -0.047439
8886195.274878 1.154800 0.082179 0.026036 0.067401 -0.080819 0.050109
9415160.487342 1.142945 -0.092158 0.016499 -0.067914 -0.033454 -0.059537
9931344.846327 1.117799 0.070924 -0.015181 0.025663 0.118789 0.058398
10511106.584962 1.174759 -0.038175 0.039451 -0.035306 -0.151107 -0.021660
11079343.754165 1.113896 0.004090 -0.029480 0.000405 0.194482 0.003900
11651265.162496 1.176400 0.030225 0.040451 0.028176 -0.156557 0.017064
12233489.202388 1.116486 -0.063544 -0.018450 -0.019647 0.135205 -0.053963
12758611.138701 1.148531 0.088487 0.021188 0.068930 -0.056521 0.055524
13284404.665470 1.149807 -0.087394 0.022207 -0.068850 -0.061588 -0.054501
13811542.330102 1.116234 0.061728 -0.019157 0.018351 0.138812 0.052782
14394032.402629 1.176731 -0.028299 0.040653 -0.026430 -0.157659 -0.015963
14966672.394078 1.113846 -0.006040 -0.029424 -0.000776 0.194315 -0.005768
15535842.737606 1.172986 0.039766 0.039245 0.033592 -0.149123 0.021906
16077777.933415 1.102178 -0.058548 -0.011520 -0.078756 0.149738 -0.063111
16296278.047749 0.976376 0.052255 0.000000 -0.497814 -0.117405 -0.000000
16583408.672383 0.860822 -0.095163 -0.000000 -0.092303 -0.000866 0.000000
17013301.167555 0.833161 0.082016 0.000000 0.070450 0.128536 -0.000000
17492239.501955 0.872742 -0.056759 -0.000000 -0.006147 -0.194466 -0.000000
17996650.153464 0.816535 0.028515 0.000000 0.027756 0.211919 0.000000
18496797.644740 0.872683 -0.000424 -0.000000 0.000057 -0.246815 -0.000000
18997244.343011 0.816426 -0.027674 -0.000000 -0.026955 0.212476 0.000000
19501827.855117 0.872753 0.055914 0.000000 0.005632 -0.196008 -0.000000
19980524.133496 0.832318 -0.081402 -0.000000 -0.071483 0.130268 0.000000
20410182.963820 0.852070 0.101498 0.000000 0.072648 0.019580 0.000000
20856267.400923 0.869631 -0.084542 -0.000000 -0.031271 -0.124368 -0.000000
21347131.124757 0.822145 0.055924 0.000000 0.052629 0.183089 0.000000
21838886.060705 0.872856 -0.028426 -0.000000 0.002010 -0.233623 -0.000000
22344045.019754 0.814698 0.000256 -0.000000 0.000252 0.221353 0.000000
22849156.492150 0.872851 0.027913 0.000000 -0.002037 -0.234092 -0.000000
23341101.068421 0.822004 -0.055430 -0.000000 -0.052210 0.183814 0.000000
23832458.085405 0.869754 0.084044 0.000000 0.030618 -0.126088 -0.000000
24279609.149519 0.851578 -0.101356 -0.000000 -0.073081 0.022614 -0.000000
24708005.037206 0.832566 0.081851 0.000000 0.071743 0.128962 0.000000
25186378.925758 0.872738 -0.056426 -0.000000 -0.005912 -0.195065 -0.000000
25690876.003396 0.816491 0.028182 0.000000 0.027440 0.212142 0.000000
26191200.833722 0.872683 -0.000089 0.000000 0.000012 -0.246817 -0.000000
26691567.861896 0.816468 -0.028007 -0.000000 -0.027273 0.212258 0.000000
27196095.186311 0.872743 0.056250 0.000000 0.005815 -0.195392 -0.000000
27674580.843956 0.832480 -0.081696 -0.000000 -0.071654 0.129415 0.000000
28103406.771202 0.851747 0.101407 0.000000 0.072935 0.021573 0.000000
28550192.513496 0.869712 -0.084216 -0.000000 -0.030843 -0.125497 -0.000000
29041380.917500 0.822053 0.055601 0.000000 0.052355 0.183565 0.000000
29533260.199045 0.872853 -0.028090 -0.000000 0.002028 -0.233931 -0.000000
30038388.253281 0.814698 -0.000079 -0.000000 -0.000078 0.221354 0.000000
