13025054.287281 1.179062 -0.000000 0.042047 0.000000 -0.165320 0.000000
13041335.605140 1.178922 -0.007022 0.041964 -0.006623 -0.164858 -0.003935
13057616.922999 1.178500 -0.014004 0.041713 -0.013184 -0.163477 -0.007857
13073898.240858 1.177802 -0.020908 0.041296 -0.019620 -0.161184 -0.011755
13090179.558717 1.176835 -0.027696 0.040714 -0.025872 -0.157994 -0.015616
13106460.876576 1.175606 -0.034329 0.039969 -0.031880 -0.153925 -0.019427
13122742.194435 1.174128 -0.040771 0.039063 -0.037590 -0.149002 -0.023177
13139023.512294 1.172415 -0.046986 0.037999 -0.042948 -0.143254 -0.026854
13155304.830154 1.170482 -0.052940 0.036781 -0.047907 -0.136713 -0.030446
13171586.148013 1.168348 -0.058599 0.035412 -0.052420 -0.129417 -0.033940
13187867.465872 1.166032 -0.063933 0.033897 -0.056450 -0.121404 -0.037326
13204148.783731 1.163556 -0.068912 0.032240 -0.059959 -0.112717 -0.040590
13220430.101590 1.160942 -0.073508 0.030448 -0.062920 -0.103401 -0.043722
13236711.419449 1.158214 -0.077695 0.028525 -0.065307 -0.093501 -0.046709
13252992.737308 1.155398 -0.081450 0.026479 -0.067102 -0.083064 -0.049538
13269274.055167 1.152518 -0.084751 0.024315 -0.068292 -0.072138 -0.052197
13285555.373026 1.149600 -0.087577 0.022043 -0.068871 -0.060771 -0.054670
13301836.690885 1.146670 -0.089912 0.019670 -0.068838 -0.049009 -0.056943
13318118.008745 1.143755 -0.091739 0.017205 -0.068200 -0.036900 -0.059001
13334399.326604 1.140880 -0.093045 0.014657 -0.066968 -0.024490 -0.060826
13350680.644463 1.138070 -0.093818 0.012037 -0.065164 -0.011825 -0.062399
13366961.962322 1.135347 -0.094048 0.009355 -0.062815 0.001051 -0.063700
13383243.280181 1.132736 -0.093726 0.006625 -0.059954 0.014094 -0.064704
13399524.598040 1.130257 -0.092848 0.003858 -0.056626 0.027259 -0.065387
13415805.915899 1.127927 -0.091408 0.001070 -0.052882 0.040501 -0.065720
13432087.233758 1.125765 -0.089404 -0.001724 -0.048784 0.053773 -0.065672
13448368.551617 1.123784 -0.086836 -0.004508 -0.044400 0.067026 -0.065210
13464649.869476 1.121993 -0.083706 -0.007262 -0.039811 0.080203 -0.064295
13480931.187336 1.120400 -0.080019 -0.009967 -0.035106 0.093242 -0.062890
13497212.505195 1.119009 -0.075781 -0.012602 -0.030379 0.106068 -0.060953
13513493.823054 1.117816 -0.071004 -0.015142 -0.025735 0.118593 -0.058443
13529775.140913 1.116818 -0.065704 -0.017562 -0.021278 0.130710 -0.055323
13546056.458772 1.116003 -0.059899 -0.019836 -0.017112 0.142293 -0.051560
13562337.776631 1.115357 -0.053615 -0.021937 -0.013331 0.153191 -0.047132
13578619.094490 1.114863 -0.046886 -0.023834 -0.010014 0.163233 -0.042031
13594900.412349 1.114499 -0.039751 -0.025501 -0.007212 0.172227 -0.036269
13611181.730208 1.114242 -0.032260 -0.026909 -0.004943 0.179969 -0.029887
13627463.048068 1.114071 -0.024470 -0.028034 -0.003179 0.186256 -0.022954
13643744.365927 1.113966 -0.016447 -0.028854 -0.001851 0.190901 -0.015571
13660025.683786 1.113909 -0.008264 -0.029353 -0.000841 0.193755 -0.007868
13676307.001645 1.113892 -0.000000 -0.029521 0.000000 0.194718 -0.000000
13692588.319504 1.113909 0.008264 -0.029353 0.000841 0.193755 0.007868
13708869.637363 1.113966 0.016447 -0.028854 0.001851 0.190901 0.015571
13725150.955222 1.114071 0.024470 -0.028034 0.003179 0.186256 0.022954
13741432.273081 1.114242 0.032260 -0.026909 0.004943 0.179969 0.029887
13757713.590940 1.114499 0.039751 -0.025501 0.007212 0.172227 0.036269
13773994.908799 1.114863 0.046886 -0.023834 0.010014 0.163233 0.042031
13790276.226659 1.115357 0.053615 -0.021937 0.013331 0.153191 0.047132
13806557.544518 1.116003 0.059899 -0.019836 0.017112 0.142293 0.051560
13822838.862377 1.116818 0.065704 -0.017562 0.021278 0.130710 0.055323
13839120.180236 1.117816 0.071004 -0.015142 0.025735 0.118593 0.058443
13855401.498095 1.119009 0.075781 -0.012602 0.030379 0.106068 0.060953
13871682.815954 1.120400 0.080019 -0.009967 0.035106 0.093242 0.062890
13887964.133813 1.121993 0.083706 -0.007262 0.039811 0.080203 0.064295
13904245.451672 1.123784 0.086836 -0.004508 0.044400 0.067026 0.065210
13920526.769531 1.125765 0.089404 -0.001724 0.048784 0.053773 0.065672
13936808.087390 1.127927 0.091408 0.001070 0.052882 0.040501 0.065720
13953089.405250 1.130257 0.092848 0.003858 0.056626 0.027259 0.065387
13969370.723109 1.132736 0.093726 0.006625 0.059954 0.014094 0.064704
13985652.040968 1.135347 0.094048 0.009355 0.062815 0.001051 0.063700
14001813.177252 1.138069 0.093818 0.012037 0.065163 -0.011825 0.062399
14018094.495111 1.140880 0.093046 0.014657 0.066968 -0.024490 0.060826
14034375.812970 1.143755 0.091740 0.017205 0.068199 -0.036900 0.059001
14050657.130829 1.146670 0.089912 0.019670 0.068837 -0.049009 0.056943
14066938.448688 1.149599 0.087578 0.022043 0.068870 -0.060770 0.054670
14083219.766547 1.152517 0.084751 0.024316 0.068291 -0.072138 0.052196
14099501.084406 1.155397 0.081450 0.026479 0.067101 -0.083064 0.049538
14115782.402265 1.158213 0.077696 0.028525 0.065305 -0.093501 0.046709
14132063.720124 1.160941 0.073508 0.030448 0.062918 -0.103401 0.043722
14148345.037984 1.163555 0.068912 0.032240 0.059958 -0.112717 0.040590
14164626.355843 1.166031 0.063933 0.033897 0.056448 -0.121404 0.037325
14180907.673702 1.168347 0.058600 0.035412 0.052418 -0.129416 0.033940
14197188.991561 1.170481 0.052940 0.036781 0.047904 -0.136713 0.030445
14213470.309420 1.172414 0.046986 0.037999 0.042946 -0.143253 0.026854
14229751.627279 1.174127 0.040771 0.039063 0.037588 -0.149001 0.023177
14246032.945138 1.175605 0.034329 0.039969 0.031878 -0.153924 0.019427
14262314.262997 1.176833 0.027696 0.040714 0.025869 -0.157992 0.015615
14278595.580856 1.177801 0.020909 0.041296 0.019617 -0.161183 0.011755
14294876.898715 1.178498 0.014004 0.041713 0.013180 -0.163475 0.007857
14311158.216575 1.178919 0.007022 0.041964 0.006619 -0.164856 0.003934
14327439.534434 1.179060 0.000001 0.042047 -0.000004 -0.165318 -0.000001
14343720.852293 1.178919 -0.007021 0.041964 -0.006628 -0.164856 -0.003936
14360002.170152 1.178498 -0.014003 0.041713 -0.013189 -0.163474 -0.007858
14376283.488011 1.177800 -0.020907 0.041296 -0.019625 -0.161181 -0.011756
14392564.805870 1.176832 -0.027694 0.040714 -0.025877 -0.157990 -0.015617
14408846.123729 1.175603 -0.034328 0.039969 -0.031886 -0.153921 -0.019429
14425127.441588 1.174125 -0.040769 0.039063 -0.037596 -0.148997 -0.023179
14441408.759447 1.172411 -0.046984 0.037999 -0.042955 -0.143248 -0.026856
14457690.077306 1.170478 -0.052938 0.036781 -0.047914 -0.136707 -0.030447
14473971.395166 1.168344 -0.058597 0.035412 -0.052428 -0.129410 -0.033942
14490252.713025 1.166027 -0.063930 0.033896 -0.056458 -0.121396 -0.037328
14506534.030884 1.163551 -0.068909 0.032240 -0.059968 -0.112708 -0.040592
14522815.348743 1.160936 -0.073505 0.030447 -0.062929 -0.103391 -0.043725
14539096.666602 1.158208 -0.077691 0.028524 -0.065317 -0.093490 -0.046712
14555377.984461 1.155391 -0.081446 0.026477 -0.067112 -0.083052 -0.049541
14571659.302320 1.152511 -0.084746 0.024314 -0.068303 -0.072124 -0.052199
14587940.620179 1.149593 -0.087572 0.022042 -0.068883 -0.060755 -0.054673
14604221.938038 1.146663 -0.089906 0.019669 -0.068851 -0.048991 -0.056946
14620503.255897 1.143747 -0.091732 0.017203 -0.068213 -0.036880 -0.059005
14636784.573757 1.140871 -0.093037 0.014655 -0.066983 -0.024468 -0.060830
14653065.891616 1.138060 -0.093809 0.012035 -0.065180 -0.011800 -0.062403
14669347.209475 1.135337 -0.094038 0.009353 -0.062831 0.001078 -0.063703
14685628.527334 1.132725 -0.093715 0.006623 -0.059972 0.014124 -0.064707
14701909.845193 1.130245 -0.092835 0.003856 -0.056645 0.027292 -0.065390
14718191.163052 1.127915 -0.091393 0.001068 -0.052903 0.040538 -0.065723
14734472.480911 1.125752 -0.089388 -0.001727 -0.048807 0.053814 -0.065675
14750753.798770 1.123769 -0.086818 -0.004510 -0.044426 0.067071 -0.065212
14767035.116629 1.121977 -0.083686 -0.007265 -0.039840 0.080254 -0.064296
14783316.434488 1.120384 -0.079997 -0.009970 -0.035137 0.093298 -0.062890
14799597.752348 1.118990 -0.075757 -0.012604 -0.030415 0.106130 -0.060951
14815879.070207 1.117796 -0.070977 -0.015144 -0.025776 0.118660 -0.058440
14832160.388066 1.116796 -0.065673 -0.017565 -0.021326 0.130784 -0.055318
14848441.705925 1.115979 -0.059865 -0.019838 -0.017167 0.142374 -0.051553
14864723.023784 1.115331 -0.053578 -0.021938 -0.013395 0.153280 -0.047121
14881004.341643 1.114833 -0.046845 -0.023835 -0.010089 0.163329 -0.042015
14897285.659502 1.114466 -0.039706 -0.025501 -0.007299 0.172330 -0.036249
14913566.977361 1.114205 -0.032210 -0.026909 -0.005045 0.180078 -0.029861
14929848.295220 1.114030 -0.024416 -0.028032 -0.003298 0.186370 -0.022921
14946129.613079 1.113919 -0.016388 -0.028851 -0.001989 0.191020 -0.015531
14962410.930938 1.113856 -0.008200 -0.029348 -0.001000 0.193877 -0.007821
14978692.248798 1.113831 0.000070 -0.029514 -0.000182 0.194840 0.000056
14994973.566657 1.113840 0.008339 -0.029343 0.000635 0.193876 0.007932
15011254.884516 1.113887 0.016527 -0.028841 0.001619 0.191019 0.015642
15027536.202375 1.113983 0.024555 -0.028018 0.002922 0.186369 0.023033
15043817.520234 1.114142 0.032350 -0.026890 0.004658 0.180075 0.029972
15060098.838093 1.114386 0.039845 -0.025478 0.006900 0.172327 0.036359
15076380.155952 1.114736 0.046984 -0.023807 0.009675 0.163325 0.042124
15092661.473811 1.115216 0.053717 -0.021905 0.012964 0.153276 0.047228
15108942.791670 1.115845 0.060004 -0.019801 0.016715 0.142370 0.051658
15125224.109529 1.116642 0.065812 -0.017523 0.020851 0.130780 0.055420
15141505.427389 1.117622 0.071116 -0.015098 0.025276 0.118657 0.058539
15157786.745248 1.118794 0.075895 -0.012554 0.029887 0.106128 0.061045
15174068.063107 1.120164 0.080135 -0.009916 0.034578 0.093300 0.062979
15190349.380966 1.121734 0.083825 -0.007207 0.039245 0.080259 0.064379
15206630.698825 1.123499 0.086957 -0.004449 0.043794 0.067083 0.065287
15222912.016684 1.125454 0.089527 -0.001662 0.048133 0.053833 0.065742
15239193.334543 1.127588 0.091534 0.001135 0.052185 0.040565 0.065781
15255474.652402 1.129886 0.092977 0.003925 0.055877 0.027330 0.065438
15271755.970261 1.132333 0.093859 0.006693 0.059150 0.014175 0.064743
15288037.288120 1.134909 0.094184 0.009425 0.061951 0.001145 0.063726
15304318.605980 1.137593 0.093958 0.012108 0.064235 -0.011715 0.062412
15320599.923839 1.140362 0.093191 0.014728 0.065969 -0.024362 0.060823
15336881.241698 1.143193 0.091891 0.017275 0.067123 -0.036748 0.058981
15353162.559557 1.146061 0.090071 0.019739 0.067678 -0.048830 0.056903
15369443.877416 1.148939 0.087744 0.022110 0.067621 -0.060560 0.054608
15385725.195275 1.151802 0.084927 0.024380 0.066943 -0.071890 0.052111
15402006.513134 1.154622 0.081638 0.026538 0.065646 -0.082772 0.049427
15418287.830993 1.157374 0.077897 0.028580 0.063734 -0.093158 0.046569
15434569.148852 1.160033 0.073725 0.030496 0.061221 -0.102999 0.043550
15450850.466711 1.162571 0.069148 0.032280 0.058123 -0.112247 0.040384
15467131.784571 1.164966 0.064190 0.033927 0.054464 -0.120855 0.037081
15483413.102430 1.167194 0.058882 0.035431 0.050272 -0.128777 0.033653
15499694.420289 1.169234 0.053252 0.036787 0.045583 -0.135969 0.030113
15515975.738148 1.171064 0.047332 0.037990 0.040434 -0.142390 0.026471
15532257.056007 1.172666 0.041157 0.039036 0.034869 -0.148000 0.022739
15548538.373866 1.174023 0.034760 0.039922 0.028937 -0.152764 0.018929
15564819.691725 1.175121 0.028180 0.040645 0.022688 -0.156652 0.015052
15581101.009584 1.175948 0.021454 0.041201 0.016177 -0.159635 0.011120
15597382.327443 1.176494 0.014621 0.041590 0.009463 -0.161691 0.007145
15613663.645302 1.176751 0.007720 0.041808 0.002603 -0.162803 0.003139
15629944.963162 1.176714 0.000792 0.041856 -0.004340 -0.162958 -0.000887
15646226.281021 1.176382 -0.006122 0.041733 -0.011304 -0.162149 -0.004919
15662507.598880 1.175754 -0.012981 0.041438 -0.018229 -0.160374 -0.008946
15678788.916739 1.174833 -0.019744 0.040973 -0.025053 -0.157636 -0.012955
15695070.234598 1.173626 -0.026370 0.040337 -0.031715 -0.153944 -0.016935
15711351.552457 1.172140 -0.032819 0.039533 -0.038160 -0.149312 -0.020872
15727632.870316 1.170385 -0.039052 0.038563 -0.044331 -0.143756 -0.024756
15743914.188175 1.168375 -0.045029 0.037429 -0.050178 -0.137298 -0.028574
15760195.506034 1.166124 -0.050713 0.036135 -0.055652 -0.129965 -0.032313
15776476.823893 1.163649 -0.056068 0.034683 -0.060712 -0.121783 -0.035961
15792758.141752 1.160969 -0.061056 0.033079 -0.065319 -0.112784 -0.039506
15809039.459612 1.158102 -0.065646 0.031326 -0.069441 -0.102998 -0.042934
15825320.777471 1.155072 -0.069803 0.029430 -0.073052 -0.092461 -0.046233
15841602.095330 1.151899 -0.073497 0.027397 -0.076133 -0.081203 -0.049388
15857883.413189 1.148606 -0.076697 0.025233 -0.078673 -0.069258 -0.052384
15874164.731048 1.145217 -0.079376 0.022946 -0.080666 -0.056656 -0.055206
15890446.048907 1.141755 -0.081506 0.020542 -0.082119 -0.043427 -0.057833
15906727.366766 1.138243 -0.083060 0.018031 -0.083046 -0.029596 -0.060248
15923008.684625 1.134701 -0.084014 0.015423 -0.083472 -0.015184 -0.062425
15939290.002484 1.131152 -0.084343 0.012728 -0.083438 -0.000209 -0.064339
15955571.320343 1.127613 -0.084024 0.009957 -0.082996 0.015318 -0.065958
15971852.638203 1.124100 -0.083033 0.007124 -0.082219 0.031391 -0.067244
15988133.956062 1.120626 -0.081347 0.004245 -0.081200 0.048011 -0.068153
16004415.273921 1.117198 -0.078943 0.001336 -0.080061 0.065184 -0.068628
16020696.591780 1.113818 -0.075797 -0.001583 -0.078956 0.082922 -0.068601
16036977.909639 1.110482 -0.071884 -0.004489 -0.078083 0.101240 -0.067989
16053259.227498 1.107173 -0.067181 -0.007354 -0.077694 0.120149 -0.066685
16069540.545357 1.103864 -0.061660 -0.010147 -0.078111 0.139651 -0.064555
16085821.863216 1.100514 -0.055299 -0.012829 -0.079746 0.159722 -0.061430
16102103.181075 1.097059 -0.048073 -0.015353 -0.083123 0.180283 -0.057095
16118384.498934 1.093412 -0.039966 -0.017662 -0.088911 0.201161 -0.051278
16134665.816794 1.089454 -0.030970 -0.019687 -0.097947 0.222019 -0.043638
16150947.134653 1.085024 -0.021098 -0.021341 -0.111259 0.242238 -0.033759
16167228.452512 1.079916 -0.010398 -0.022519 -0.130053 0.260751 -0.021152
16183509.770371 1.073870 0.001024 -0.023093 -0.155617 0.275798 -0.005301
16199791.088230 1.066573 0.012964 -0.022917 -0.189060 0.284621 0.014234
16216072.406089 1.057678 0.025079 -0.021829 -0.230748 0.283213 0.037572
16232353.723948 1.046855 0.036826 -0.019677 -0.279332 0.266412 0.064092
16248635.041807 1.033889 0.047436 -0.016361 -0.330520 0.228917 0.091874
16264916.359666 1.018827 0.055952 -0.011897 -0.376407 0.167739 0.117350
16281197.677526 0.996153 0.054429 0.000000 -0.498680 0.005661 -0.000000
16294938.613958 0.978121 0.052646 0.000000 -0.499874 -0.106349 -0.000000
16308679.550389 0.960768 0.046861 0.000000 -0.461161 -0.213133 -0.000000
16322420.486819 0.945380 0.037686 -0.000000 -0.393423 -0.292563 -0.000000
16336161.423249 0.932640 0.026296 -0.000000 -0.316868 -0.336630 -0.000000
16349902.359680 0.922554 0.013888 -0.000000 -0.247360 -0.350866 -0.000000
16363643.296110 0.914722 0.001353 -0.000000 -0.191695 -0.345377 -0.000000
16377384.232541 0.908626 -0.010764 -0.000000 -0.150366 -0.328759 -0.000000
16391125.168971 0.903786 -0.022173 -0.000000 -0.121210 -0.306644 -0.000000
16404866.105402 0.899815 -0.032741 -0.000000 -0.101516 -0.282259 -0.000000
16418607.041832 0.896418 -0.042421 -0.000000 -0.088855 -0.257306 -0.000000
16432347.978263 0.893378 -0.051208 -0.000000 -0.081295 -0.232612 -0.000000
16446088.914693 0.890541 -0.059120 -0.000000 -0.077363 -0.208533 -0.000000
16459829.851124 0.887796 -0.066181 -0.000000 -0.075964 -0.185182 0.000000
16473570.787554 0.885069 -0.072417 -0.000000 -0.076286 -0.162556 0.000000
16487311.723984 0.882309 -0.077853 -0.000000 -0.077725 -0.140601 0.000000
16501052.660415 0.879484 -0.082513 -0.000000 -0.079833 -0.119247 0.000000
16514793.596845 0.876577 -0.086417 -0.000000 -0.082269 -0.098425 0.000000
16528534.533276 0.873580 -0.089582 -0.000000 -0.084781 -0.078077 0.000000
16542275.469706 0.870494 -0.092024 -0.000000 -0.087172 -0.058158 0.000000
16556016.406137 0.867328 -0.093760 -0.000000 -0.089295 -0.038638 0.000000
16569757.342567 0.864091 -0.094802 -0.000000 -0.091037 -0.019501 0.000000
16583498.278998 0.860801 -0.095164 -0.000000 -0.092309 -0.000745 0.000000
16597239.215428 0.857474 -0.094860 -0.000000 -0.093047 0.017620 0.000000
16610980.151859 0.854131 -0.093904 -0.000000 -0.093201 0.035570 0.000000
16624721.088289 0.850793 -0.092313 -0.000000 -0.092734 0.053074 0.000000
16638462.024719 0.847484 -0.090102 -0.000000 -0.091623 0.070087 0.000000
16652202.961150 0.844227 -0.087290 -0.000000 -0.089851 0.086559 0.000000
16665943.897580 0.841045 -0.083898 -0.000000 -0.087411 0.102429 0.000000
16679684.834011 0.837962 -0.079948 -0.000000 -0.084306 0.117630 0.000000
16693425.770441 0.835003 -0.075466 -0.000000 -0.080544 0.132089 0.000000
16707166.706872 0.832190 -0.070479 0.000000 -0.076141 0.145727 0.000000
16720907.643302 0.829546 -0.065019 0.000000 -0.071120 0.158462 0.000000
16734648.579733 0.827094 -0.059120 0.000000 -0.065514 0.170211 0.000000
16748389.516163 0.824852 -0.052818 0.000000 -0.059362 0.180890 0.000000
16762130.452594 0.822840 -0.046154 0.000000 -0.052710 0.190416 0.000000
16775871.389024 0.821075 -0.039169 0.000000 -0.045615 0.198711 0.000000
16789612.325454 0.819571 -0.031910 0.000000 -0.038138 0.205705 0.000000
16803353.261885 0.818342 -0.024424 0.000000 -0.030351 0.211336 0.000000
16817094.198315 0.817396 -0.016762 0.000000 -0.022331 0.215552 0.000000
16830835.134746 0.816741 -0.008974 0.000000 -0.014157 0.218317 0.000000
16844576.071176 0.816381 -0.001114 0.000000 -0.005917 0.219608 0.000000
16858317.007607 0.816316 0.006767 0.000000 0.002304 0.219418 0.000000
16872057.944037 0.816545 0.014614 0.000000 0.010417 0.217759 0.000000
16885798.880468 0.817062 0.022375 0.000000 0.018338 0.214657 0.000000
16899539.816898 0.817858 0.030000 0.000000 0.025986 0.210153 0.000000
16913280.753329 0.818922 0.037439 0.000000 0.033284 0.204304 0.000000
16927021.689759 0.820241 0.044645 0.000000 0.040162 0.197176 0.000000
16940762.626189 0.821798 0.051574 0.000000 0.046558 0.188848 0.000000
16954503.562620 0.823575 0.058183 0.000000 0.052416 0.179403 0.000000
16968244.499050 0.825552 0.064435 0.000000 0.057690 0.168931 0.000000
16981985.435481 0.827708 0.070294 0.000000 0.062341 0.157525 0.000000
16995726.371911 0.830018 0.075729 0.000000 0.066336 0.145278 0.000000
17009467.308342 0.832460 0.080710 0.000000 0.069650 0.132283 -0.000000
17023208.244772 0.835008 0.085213 0.000000 0.072265 0.118629 -0.000000
17036949.181203 0.837637 0.089216 0.000000 0.074168 0.104403 -0.000000
17050690.117633 0.840321 0.092699 0.000000 0.075354 0.089689 -0.000000
17064431.054064 0.843035 0.095647 0.000000 0.075820 0.074564 -0.000000
17078171.990494 0.845753 0.098046 0.000000 0.075571 0.059100 -0.000000
17091912.926924 0.848450 0.099884 0.000000 0.074618 0.043366 -0.000000
17105653.863355 0.851100 0.101155 0.000000 0.072975 0.027423 -0.000000
17119394.799785 0.853678 0.101850 0.000000 0.070665 0.011328 -0.000000
17133135.736216 0.856163 0.101967 0.000000 0.067716 -0.004869 -0.000000
17146876.672646 0.858530 0.101500 0.000000 0.064164 -0.021119 -0.000000
17160617.609077 0.860760 0.100451 0.000000 0.060054 -0.037381 -0.000000
17174358.545507 0.862834 0.098818 0.000000 0.055440 -0.053616 -0.000000
17188099.481938 0.864733 0.096604 0.000000 0.050389 -0.069786 -0.000000
17201840.418368 0.866445 0.093812 0.000000 0.044979 -0.085855 -0.000000
17215581.354798 0.867958 0.090445 0.000000 0.039303 -0.101783 -0.000000
17229322.291229 0.869264 0.086510 0.000000 0.033471 -0.117528 -0.000000
17243063.227659 0.870359 0.082015 0.000000 0.027608 -0.133036 -0.000000
17256804.164090 0.871246 0.076968 0.000000 0.021857 -0.148238 -0.000000
17270545.100520 0.871931 0.071382 0.000000 0.016375 -0.163046 -0.000000
17284286.036951 0.872426 0.065274 0.000000 0.011329 -0.177342 -0.000000
17298026.973381 0.872751 0.058664 0.000000 0.006888 -0.190970 -0.000000
17311767.909812 0.872930 0.051581 -0.000000 0.003212 -0.203733 -0.000000
17325508.846242 0.872992 0.044058 -0.000000 0.000427 -0.215389 -0.000000
17339249.782673 0.872972 0.036142 -0.000000 -0.001390 -0.225654 -0.000000
17352990.719103 0.872904 0.027886 -0.000000 -0.002237 -0.234218 -0.000000
17366731.655533 0.872822 0.019359 -0.000000 -0.002207 -0.240773 -0.000000
17380472.591964 0.872754 0.010636 -0.000000 -0.001493 -0.245045 -0.000000
17394213.528394 0.872720 0.001804 -0.000000 -0.000374 -0.246839 -0.000000
17407954.464825 0.872728 -0.007046 -0.000000 0.000813 -0.246069 -0.000000
17421695.401255 0.872775 -0.015823 -0.000000 0.001724 -0.242770 -0.000000
17435436.337686 0.872844 -0.024438 -0.000000 0.002050 -0.237100 -0.000000
17449177.274116 0.872912 -0.032811 -0.000000 0.001562 -0.229305 -0.000000
17462918.210547 0.872945 -0.040871 -0.000000 0.000128 -0.219684 -0.000000
17476659.146977 0.872909 -0.048557 -0.000000 -0.002287 -0.208549 -0.000000
17490400.083408 0.872770 -0.055821 -0.000000 -0.005634 -0.196198 -0.000000
17504141.019838 0.872495 -0.062624 -0.000000 -0.009802 -0.182889 -0.000000
17517881.956268 0.872059 -0.068936 -0.000000 -0.014643 -0.168839 0.000000
17531622.892699 0.871438 -0.074733 -0.000000 -0.019991 -0.154218 0.000000
17545363.829129 0.870620 -0.079997 -0.000000 -0.025675 -0.139159 0.000000
17559104.765560 0.869594 -0.084715 -0.000000 -0.031535 -0.123761 0.000000
17572845.701990 0.868357 -0.088875 -0.000000 -0.037421 -0.108099 0.000000
17586586.638421 0.866910 -0.092469 -0.000000 -0.043201 -0.092232 0.000000
17600327.574851 0.865259 -0.095491 -0.000000 -0.048760 -0.076208 0.000000
17614068.511282 0.863415 -0.097936 -0.000000 -0.053999 -0.060065 0.000000
17627809.447712 0.861389 -0.099800 -0.000000 -0.058832 -0.043841 0.000000
17641550.384143 0.859199 -0.101082 -0.000000 -0.063191 -0.027573 0.000000
17655291.320573 0.856861 -0.101779 -0.000000 -0.067015 -0.011300 0.000000
17669032.257003 0.854397 -0.101893 -0.000000 -0.070258 0.004939 0.000000
17682773.193434 0.851827 -0.101426 -0.000000 -0.072880 0.021098 0.000000
17696514.129864 0.849175 -0.100380 -0.000000 -0.074850 0.037129 0.000000
17710255.066295 0.846464 -0.098763 -0.000000 -0.076144 0.052976 0.000000
17723996.002725 0.843719 -0.096582 -0.000000 -0.076747 0.068580 0.000000
17737736.939156 0.840966 -0.093846 -0.000000 -0.076645 0.083876 0.000000
17751477.875586 0.838228 -0.090568 -0.000000 -0.075834 0.098794 0.000000
17765218.812017 0.835532 -0.086762 -0.000000 -0.074314 0.113259 0.000000
17778959.748447 0.832904 -0.082447 -0.000000 -0.072090 0.127191 0.000000
17792700.684878 0.830368 -0.077643 0.000000 -0.069174 0.140503 0.000000
17806441.621308 0.827948 -0.072373 0.000000 -0.065584 0.153110 0.000000
17820182.557738 0.825669 -0.066665 0.000000 -0.061344 0.164920 0.000000
17833923.494169 0.823554 -0.060549 0.000000 -0.056485 0.175840 0.000000
17847664.430599 0.821623 -0.054059 0.000000 -0.051045 0.185781 0.000000
17861405.367030 0.819897 -0.047231 0.000000 -0.045072 0.194653 0.000000
17875146.303460 0.818394 -0.040105 0.000000 -0.038619 0.202372 0.000000
17888887.239891 0.817131 -0.032724 0.000000 -0.031748 0.208860 0.000000
17902628.176321 0.816120 -0.025133 0.000000 -0.024528 0.214050 0.000000
17916369.112752 0.815374 -0.017380 0.000000 -0.017036 0.217883 0.000000
17930110.049182 0.814900 -0.009515 0.000000 -0.009353 0.220317 0.000000
17943850.985613 0.814704 -0.001588 0.000000 -0.001565 0.221324 0.000000
17957591.922043 0.814788 0.006349 0.000000 0.006241 0.220892 0.000000
17971332.858473 0.815151 0.014246 0.000000 0.013976 0.219027 0.000000
17985073.794904 0.815789 0.022049 0.000000 0.021555 0.215749 0.000000
17998814.731334 0.816695 0.029711 0.000000 0.028892 0.211097 0.000000
18012555.667765 0.817859 0.037181 0.000000 0.035911 0.205121 0.000000
18026296.604195 0.819267 0.044415 0.000000 0.042539 0.197886 0.000000
18040037.540626 0.820906 0.051367 0.000000 0.048712 0.189465 0.000000
18053778.477056 0.822757 0.057997 0.000000 0.054370 0.179942 0.000000
18067519.413487 0.824801 0.064267 0.000000 0.059466 0.169403 0.000000
18081260.349917 0.827017 0.070142 0.000000 0.063958 0.157938 0.000000
18094903.717283 0.829382 0.075590 0.000000 0.067812 0.145640 0.000000
18108644.653713 0.831874 0.080584 0.000000 0.070999 0.132600 0.000000
18122385.590144 0.834469 0.085098 0.000000 0.073501 0.118906 0.000000
18136126.526574 0.837140 0.089110 0.000000 0.075303 0.104646 0.000000
18149867.463005 0.839864 0.092601 0.000000 0.076398 0.089900 0.000000
18163608.399435 0.842614 0.095556 0.000000 0.076782 0.074747 0.000000
18177349.335866 0.845365 0.097961 0.000000 0.076460 0.059259 0.000000
18191090.272296 0.848092 0.099805 0.000000 0.075440 0.043503 0.000000
18204831.208726 0.850770 0.101080 0.000000 0.073737 0.027540 0.000000
18218572.145157 0.853375 0.101779 0.000000 0.071372 0.011428 0.000000
18232313.081587 0.855884 0.101899 0.000000 0.068373 -0.004784 -0.000000
18246054.018018 0.858274 0.101435 0.000000 0.064775 -0.021047 -0.000000
18259794.954448 0.860526 0.100388 0.000000 0.060623 -0.037320 -0.000000
18273535.890879 0.862619 0.098758 0.000000 0.055971 -0.053564 -0.000000
18287276.827309 0.864537 0.096545 0.000000 0.050884 -0.069741 -0.000000
18301017.763740 0.866266 0.093754 0.000000 0.045441 -0.085815 -0.000000
18314758.700170 0.867794 0.090389 0.000000 0.039734 -0.101748 -0.000000
18328499.636601 0.869115 0.086455 0.000000 0.033874 -0.117495 -0.000000
18342240.573031 0.870225 0.081961 0.000000 0.027984 -0.133003 -0.000000
18355981.509462 0.871124 0.076915 0.000000 0.022208 -0.148205 -0.000000
18369722.445892 0.871821 0.071331 0.000000 0.016702 -0.163011 -0.000000
18383463.382323 0.872328 0.065224 0.000000 0.011633 -0.177303 -0.000000
18397204.318753 0.872663 0.058616 0.000000 0.007171 -0.190927 -0.000000
18410945.255183 0.872852 0.051534 0.000000 0.003472 -0.203685 -0.000000
18424686.191614 0.872923 0.044013 0.000000 0.000666 -0.215336 -0.000000
18438427.128044 0.872911 0.036098 0.000000 -0.001172 -0.225595 -0.000000
18452168.064475 0.872851 0.027845 0.000000 -0.002041 -0.234154 -0.000000
18465909.000905 0.872775 0.019320 0.000000 -0.002032 -0.240704 -0.000000
18479649.937336 0.872713 0.010600 0.000000 -0.001338 -0.244973 -0.000000
18493390.873766 0.872684 0.001771 -0.000000 -0.000239 -0.246766 -0.000000
18507131.810197 0.872697 -0.007077 -0.000000 0.000929 -0.245995 -0.000000
18520872.746627 0.872748 -0.015851 -0.000000 0.001823 -0.242699 -0.000000
18534613.683058 0.872821 -0.024464 -0.000000 0.002134 -0.237032 -0.000000
18548354.619488 0.872891 -0.032834 -0.000000 0.001633 -0.229240 -0.000000
18562095.555919 0.872927 -0.040892 -0.000000 0.000188 -0.219623 -0.000000
18575836.492349 0.872893 -0.048576 -0.000000 -0.002237 -0.208493 -0.000000
18589577.428780 0.872755 -0.055838 -0.000000 -0.005591 -0.196147 -0.000000
18603318.365210 0.872482 -0.062639 -0.000000 -0.009766 -0.182843 -0.000000
18617059.301641 0.872046 -0.068950 -0.000000 -0.014612 -0.168797 -0.000000
18630800.238071 0.871427 -0.074745 -0.000000 -0.019964 -0.154181 -0.000000
18644541.174501 0.870609 -0.080008 -0.000000 -0.025652 -0.139125 -0.000000
18658282.110932 0.869584 -0.084724 -0.000000 -0.031514 -0.123730 -0.000000
18672023.047362 0.868348 -0.088884 -0.000000 -0.037402 -0.108072 -0.000000
18685763.983793 0.866902 -0.092477 -0.000000 -0.043184 -0.092208 -0.000000
18699504.920223 0.865252 -0.095498 -0.000000 -0.048744 -0.076185 -0.000000
18713245.856654 0.863408 -0.097942 -0.000000 -0.053984 -0.060045 -0.000000
18726986.793084 0.861383 -0.099806 -0.000000 -0.058819 -0.043823 -0.000000
18740727.729515 0.859193 -0.101087 -0.000000 -0.063178 -0.027557 -0.000000
18754468.665945 0.856856 -0.101783 -0.000000 -0.067003 -0.011285 -0.000000
18768209.602376 0.854392 -0.101897 -0.000000 -0.070247 0.004952 0.000000
18781950.538806 0.851822 -0.101429 -0.000000 -0.072869 0.021110 0.000000
18795691.475237 0.849171 -0.100384 -0.000000 -0.074840 0.037139 0.000000
18809432.411667 0.846460 -0.098766 -0.000000 -0.076135 0.052985 0.000000
18823173.348098 0.843716 -0.096584 -0.000000 -0.076738 0.068588 0.000000
18836914.284528 0.840962 -0.093848 -0.000000 -0.076637 0.083884 0.000000
18850655.220958 0.838225 -0.090570 -0.000000 -0.075826 0.098801 0.000000
18864396.157389 0.835529 -0.086764 -0.000000 -0.074307 0.113265 0.000000
18878137.093819 0.832901 -0.082448 -0.000000 -0.072083 0.127196 0.000000
18891878.030250 0.830365 -0.077644 -0.000000 -0.069168 0.140508 0.000000
18905618.966680 0.827946 -0.072374 -0.000000 -0.065578 0.153114 0.000000
18919359.903111 0.825667 -0.066666 -0.000000 -0.061339 0.164923 0.000000
18933100.839541 0.823552 -0.060550 -0.000000 -0.056480 0.175844 0.000000
18946841.775972 0.821621 -0.054060 -0.000000 -0.051041 0.185784 0.000000
18960582.712402 0.819895 -0.047232 -0.000000 -0.045068 0.194656 0.000000
18974323.648833 0.818393 -0.040106 -0.000000 -0.038615 0.202374 0.000000
18988064.585263 0.817130 -0.032724 -0.000000 -0.031744 0.208862 0.000000
19001805.521694 0.816119 -0.025134 -0.000000 -0.024525 0.214051 0.000000
19015546.458124 0.815373 -0.017381 -0.000000 -0.017033 0.217884 0.000000
19029287.394555 0.814899 -0.009515 -0.000000 -0.009351 0.220318 0.000000
19043028.330985 0.814703 -0.001588 -0.000000 -0.001563 0.221325 0.000000
